camera_matrix:
- - 1290.9786508173759
  - 0.0
  - 659.4552255017694
- - 0.0
  - 1292.8501358977642
  - 346.4191373765766
- - 0.0
  - 0.0
  - 1.0
distortion_coefficients:
- - 0.14497716424903465
  - 0.021228441279821382
  - -0.006060882271486173
  - -0.002970925374533786
  - -1.2201401349536245
